-19246
-18186
-14186
-7800
0
7979
14851
19497
21158
19558
14949
8066
0
-7986
-14660
-19013
-20418
-18709
-14200
-7621
0
7503
13768
17877
19246
17705
13506
7293
0
-7280
-13459
-17608
-19096
-17687
-13576
-7370
0
7416
13742
17999
19520
18057
13828
7481
0
-7456
-13734
-17871
-19246
-17674
-13434
-7215
0
7095
12995
16830
18061
16551
12574
6762
0
-6702
-12361
-16151
-17519
-16255
-12524
-6838
0
7006
13141
17460
19246
18129
14158
7822
0
-8151
-15365
-20459
-22540
-21161
-16426
-8996
0
9138
16940
22128
23855
21862
16523
8788
0
-8351
-14905
-18681
-19246
-16778
-11996
-5995
0
4889
7922
8828
7842
5612
3014
926
0
503
2251
4652
6860
7987
7341
4615
0
-5815
-11766
-16623
-19246
-18845
-15162
-8563
0
9151
17333
23098
25380
23700
18258
9907
0
-9848
-18045
-23301
-24840
-22526
-16864
-8896
0
8357
14874
18636
19246
16870
12172
6164
0
-5248
-8785
-10229
-9658
-7560
-4699
-1931
0
641
-65
-1763
-3769
-5236
-5372
-3654
0
5156
10908
16034
19246
19480
16162
9393
0
-10565
-20471
-27851
-31179
-29599
-23127
-12695
0
12808
23534
30363
32215
28949
21371
11056
0
-9792
-16718
-19885
-19246
-15551
-10114
-4471
0
2402
2506
767
-1837
-4091
-4891
-3549
0
5164
10825
15613
18250
17871
14261
7928
0
-8023
-14613
-18560
-19246
-16766
-11887
-5837
0
4426
6708
6734
5003
2458
207
-791
0
2539
6207
9969
12642
13218
11147
6503
0
-7157
-13547
-17868
-19246
-17437
-12893
-6633
0
5667
9348
10572
9504
6864
3712
1145
0
619
2762
5673
8291
9540
8639
5334
0
-6420
-12624
-17258
-19246
-18059
-13840
-7396
0
6898
12012
14514
14210
11554
7510
3283
0
-1582
-1265
554
3000
4973
5457
3818
0
-5419
-11339
-16387
-19246
-18981
-15290
-8600
0
8977
16681
21700
23154
20879
15440
7989
0
-7058
-12026
-14278
-13806
-11166
-7296
-3263
0
1900
2291
1458