29743
28974
27705
25955
23751
21130
18135
14818
11235
7448
3523
-471
-4463
-8382
-12157
-15720
-19004
-21950
-24501
-26610
-28236
-29347
-29920
-29941
-29407
-28327
-26717
-24605
-22027
-19032
-15672
-12010
-8115
-4058
82
4227
8297
12214
15900
19284
22297
24878
26977
28548
29558
29986
29818
29057
27715
25816
23394
20498
17183
13515
9566
5416
1148
-3149
-7388
-11481
-15342
-18890
-22050
-24753
-26942
-28568
-29593
-29994
-29760
-28891
-27405
-25330
-22708
-19593
-16050
-12154
-7989
-3643
789
5209
9522
13631
17445
20877
23850
26296
28156
29387
29959
29856
29076
27636
25564
22905
19719
16075
12055
7752
3263
-1309
-5856
-10273
-14455
-18304
-21727
-24642
-26977
-28674
-29690
-29998
-29588
-28466
-26657
-24201
-21155
-17591
-13593
-9258
-4690
0
4696
9283
13646
17676
21271
24340
26803
28596
29671
29998
29566
28383
26475
23888
20686
16949
12770
8257
3523
-1309
-6112
-10763
-15139
-19123
-22609
-25504
-27728
-29219
-29936
-29856
-28977
-27321
-24928
-21860
-18198
-14038
-9491
-4680
265
5209
10017
14556
18698
22329
25346
27661
29208
29941
29835
28891
27132
24605
21377
17538
13195
8470
3497
-1583
-6624
-11481
-16011
-20084
-23578
-26389
-28434
-29649
-29995
-29459
-28053
-25816
-22810
-19123
-14861
-10150
-5129
52
5238
10273
15003
19284
22983
25987
28201
29553
30000
29524
28136
25875
22810
19032
14656
9817
4664
-641
-5933
-11044
-15811
-20084
-23723
-26610
-28652
-29778
-29950
-29159
-27426
-24805
-21377
-17250
-12557
-7448
-2089
3344
8674
13725
18328
22329
25595
28012
29498
30000
29497
28003
25564
22259
18198
13515
8367
2927
-2618
-8080
-13272
-18013
-22138
-25504
-27990
-29507
-30000
-29446
-27863
-25302
-21849
-17623
-12770
-7461
-1880
3773
9299
14498
19186
23190
26366
28596
29796
29918
28956
26941
23941
20064
15448
10261
4690
-1060
-6777
-12250
-17274
-21662
-25247
-27893
-29498
-29998
-29371
-27636
-24855
-21130
-16599
-11432
-5824
13
5856
11481
16670
21222
24960
27736
29439
30000
29392
27636
24796
20981
16336
11044
5309
-641
-6573
-12250
-17445
-21950
-25581
-28191
-29671
-29958
-29037
-26941
-23751
-19593
-14633
-9071
-3133
2941
8899
14498
19506
23713
26942
29057
29967
29629
28053
25302
21487
16765
11332
5416
-736
-6863
-12705
-18013
-22557
-26143
-28612
-29857
-29818
-28495
-25940
-22259
-17610
-12190
-6234
0
6241
12214
17657
22329
26022
28568
29852
29813
28449
25816
22027
17250
11695
5609
-736
-7054
-13060
-18480
-23067
-26610
-28944
-29960
-29605
-27893
-24899
-20755
-15650
-9817
-3523
2941
9274
15181
20386
24642
27748
29553
29970
28974
26609
22981
18260
12667
6464
-52
-6573
-12785
-18390
-23115
-26732
-29061
-29986
-29459
-27500
-24201
-19719
-14269
-8115
-1557
5084
11481
17317
22303
26189
28779
29941
29612
27804
24605
20169
14716
8517
1884
-4851
-11347
-17274
-22329
-26253
-28841
-29959
-29544
-27614
-24263
-19660
-14038
-7686
-929
5882
12393
18265
23190
26908
29219
30000
29204
26870
23115
18135
12190
5593
-1309
-8146
-14556
-20193
-24753
-27990
-29724
-29859
-28383
-25370
-20981
-15448
-9071
-2194
4809
11556
17676
22831
26736
29172
30000
29170
26724
22793
17591
11405
4577
-2514
-9469
-15900
-21443
-25784
-28674
-29946
-29524
-27426
-23769
-18755
-12667
-5850
1309
8398
15011
20767
25330
28434
29896
29626
27636
24036
19032
12912
6032
-1207
-8382
-15071
-20877
-25457
-28536
-29927
-29544
-27405
-23632
-18447
-12154
-5129
2210
9423
16075
21763
26143
28944
29994
29224
26677
22501
16949
10356
3123
-4308
-11481
-17952
-23323
-27257
-29507
-29930
-28495
-25286
-20498
-14427
-7448
3
7461
14455
20546
25346
28548
29946
29446
27076
22981
17418
10739
3367
-4227
-11556
-18148
-23578
-27491
-29631
-29856
-28145
-24605
-19461
-13045
-5772
1884
9423
16350
22209
26610
29261
29981
28719
25552
20686
14441
7229
-471
-8146
-15283
-21400
-26085
-29019
-30000
-28956
-25955
-21192
-14989
-7761
0
7768
15011
21234
26007
28999
30000
28936
25875
21025
14716
7381
-471
-8297
-15552
-21727
-26389
-29208
-29981
-28650
-25302
-20169
-13608
-6080
1884
9721
16873
22831
27167
29567
29856
28006
24147
18550
11613
3835
-4227
-11989
-18890
-24425
-28191
-29908
-29446
-26835
-22259
-16050
-8658
-625
7461
15003
21443
26303
29219
29970
28495
24899
19444
12533
4680
-3529
-11481
-18575
-24278
-28156
-29912
-29407
-26677
-21921
-15496
-7888
327
8524
16075
22401
27015
29558
29830
27804
23632
17631
10261
2089
-6250
-14110
-20877
-26022
-29137
-29976
-28466
-24722
-19032
-11839
-3708
4722
12785
19842
25330
28810
30000
28801
25302
19778
12667
4535
-3968
-12157
-19374
-25033
-28674
-29997
-28891
-25440
-19918
-12770
-4577
3997
12250
19506
25167
28766
30000
28764
25153
19461
12154
3835
-4809
-13060
-20229
-25717
-29061
-29977
-28383
-24406
-18377
-10797
-2302
6394
14556
21491
26610
29474
29834
27655
23115
16599
8658
-29
-8721
-16670
-23190
-27718
-29857
-29418
-26433
-21155
-14038
-5695
3149
11725
19284
25162
28841
29995
28515
24528
18377
10601
1884
-7007
-15283
-22209
-27167
-29712
-29612
-26870
-21725
-14633
-6225
2748
11481
19186
25167
28882
29988
28382
24201
17821
9817
913
-8080
-16342
-23115
-27777
-29896
-29271
-25955
-20246
-12667
-3913
5209
13855
21222
26624
29553
29733
27139
22010
14818
6234
-2941
-11845
-19642
-25595
-29137
-29930
-27893
-23213
-16328
-7888
1309
10387
18480
24814
28779
29991
28327
23941
17250
8893
-327
-9522
-17803
-24364
-28568
-30000
-28515
-24253
-17623
-9267
0
9274
17644
24288
28548
30000
28495
24176
17464
9018
-327
-9646
-18013
-24591
-28723
-29991
-28262
-23703
-16765
-8140
1309
10632
18890
25247
29057
29930
27771
22793
15496
6618
-2941
-12205
-20229
-26189
-29471
-29733
-26941
-21377
-13608
-4431
5209
14318
21950
27311
29841
29271
25654
19361
11044
1567
-8080
-16887
-23928
-28459
-30000
-28382
-23769
-16643
-7752
1965
11481
19783
25987
29429
29736
26870
21130
13125
3708
-6112
-15283
-22814
-27893
-29967
-28805
-24528
-17591
-8743
1060
10754
19284
25717
29347
29773
26941
21155
13045
3497
-6442
-15678
-23190
-28147
-29994
-28523
-23888
-16599
-7461
2514
12214
20558
26610
29690
29446
25900
19444
10797
929
-9049
-18013
-24946
-29061
-29886
-27321
-21651
-13515
-3835
6289
15700
23323
28280
30000
28278
23306
15650
6186
-3997
-13725
-21871
-27491
-29927
-28891
-24497
-17250
-7989
2210
12157
20689
26803
29778
29260
25302
18364
9258
-946
-11044
-19842
-26296
-29635
-29459
-25781
-19032
-10011
209
10411
19374
26022
29553
29539
25974
19281
10261
-3
-10273
-19306
-26007
-29558
-29524
-25900
-19123
-10011
327
10632
19642
26253
29649
29407
25552
18550
9258
-1181
-11481
-20366
-26736
-29796
-29159
-24899
-17538
-7989
2563
12800
21443
27408
29941
28719
23888
16050
6186
-4463
-14556
-22814
-28191
-29999
-28003
-22449
-14038
-3835
6863
16692
24393
28979
29856
26905
20498
11453
929
-9721
-19123
-26061
-29633
-29371
-25302
-17947
-8257
2514
12963
21727
27661
29983
28383
23063
14716
4431
-6442
-16473
-24340
-28999
-29830
-26717
-20064
-10748
0
10754
20084
26744
29841
28956
24201
16204
6032
-4955
-15283
-23562
-28674
-29925
-27139
-20686
-11432
-625
10273
19783
26610
29822
28974
24176
16075
5772
-5325
-15700
-23928
-28875
-29856
-26729
-19918
-10356
641
11556
20877
27311
29960
28449
22981
14312
3643
-7540
-17676
-25346
-29471
-29468
-25330
-17631
-7448
3789
14498
23167
28568
29930
27055
20342
10739
-396
-11481
-20936
-27412
-29978
-28262
-22501
-13515
-2585
8721
18780
26143
29744
29057
24176
15798
5129
-6289
-16800
-24878
-29345
-29544
-25440
-17623
-7229
4227
15071
23713
28882
29813
26363
19032
8893
-2563
-13646
-22718
-28434
-29941
-27008
-20064
-10134
1309
12563
21950
28064
29988
27426
20755
10968
-471
-11845
-21443
-27817
-29999
-27655
-21130
-11405
52
11508
21222
27718
30000
27715
21204
11453
-52
-11556
-21296
-27777
-29999
-27614
-20981
-11114
471
11989
21662
27990
29988
27341
20450
10380
-1309
-12800
-22303
-28332
-29941
-26870
-19593
-9242
2563
13971
23190
28766
29813
26160
18377
7686
-4227
-15476
-24278
-29232
-29544
-25158
-16765
-5695
6289
17274
25504
29655
29057
23799
14716
3263
-8721
-19306
-26783
-29941
-28262
-22010
-12190
-389
11481
21491
28012
29976
27055
19719
9158
-2905
-14498
-23723
-29061
-29630
-25330
-16860
-5609
6573
17676
25864
29778
28764
22981
13383
1557
-10534
-20877
-27748
-29993
-27232
-19918
-9267
2941
14661
23928
29178
29524
24899
16075
4535
-7777
-18780
-26610
-29936
-28186
-21651
-11432
736
12785
22661
28674
29792
25816
17418
6032
-6394
-17729
-26022
-29841
-28523
-22286
-12199
0
12205
22303
28541
29830
25940
17538
6080
-6442
-17847
-26143
-29874
-28383
-21921
-11613
736
12963
22916
28841
29689
25302
16446
4680
-7919
-19123
-26942
-29986
-27705
-20498
-9640
2941
15003
24393
29429
29204
23751
14038
1802
-10763
-21400
-28191
-29907
-26232
-17821
-6186
6573
18148
26441
29941
28006
20981
10134
-2563
-14798
-24340
-29439
-29159
-23541
-13608
-1175
11481
22032
28536
29789
25552
16599
4577
-8297
-19642
-27354
-29998
-27076
-19123
-7610
5325
17274
26007
29888
28186
21211
10261
-2618
-15011
-24591
-29553
-28956
-22905
-12533
209
12918
23190
29078
29459
24253
14441
1880
-11044
-21871
-28536
-29760
-25302
-16006
-3643
9423
20689
27990
29918
26096
17250
5077
-8080
-19684
-27491
-29985
-26677
-18198
-6186
7032
18890
27079
30000
27076
18869
6975
-6289
-18328
-26783
-29993
-27321
-19281
-7448
5856
18013
26624
29986
27426
19444
7610
-5737
-17952
-26610
-29986
-27401
-19361
-7461
5933
18148
26744
29994
27243
19032
7000
-6442
-18596
-27015
-30000
-26941
-18447
-6225
7261
19284
27408
29981
26475
17591
5129
-8382
-20193
-27893
-29907
-25816
-16446
-3708
9795
21296
28434
29736
24928
14989
1959
-11481
-22557
-28981
-29418
-23769
-13195
118
13412
23928
29474
28891
22292
11044
-2514
-15552
-25346
-29841
-28090
-20450
-8517
5209
17847
26736
29999
26941
18198
5609
-8172
-20229
-28009
-29856
-25370
-15496
-2324
11347
22609
29057
29311
23306
12319
-1309
-14661
-24878
-29764
-28262
-20686
-8658
5238
18013
26908
29998
26609
17464
4535
-9382
-21271
-28548
-29626
-24263
-13617
0
13623
24278
29635
28515
21155
9158
-4851
-17803
-26849
-29998
-26548
-17250
-4146
9878
21727
28779
29468
23632
12557
-1309
-14889
-25167
-29852
-27893
-19719
-7143
7032
19642
27865
29856
25158
14818
1148
-12785
-23850
-29553
-28603
-21204
-9018
5209
18265
27195
29970
25955
16050
2497
-11628
-23115
-29345
-28891
-21849
-9817
4463
17729
26942
29988
26160
16328
2742
-11481
-23067
-29347
-28866
-21725
-9566
4809
18078
27167
29965
25816
15672
1884
-12348
-23713
-29558
-28515
-20819
-8257
6241
19284
27817
29834
24855
14038
-82
-14188
-24960
-29857
-27715
-19032
-5850
8721
21234
28723
29407
23115
11332
-3149
-16887
-26610
-29997
-26232
-16204
-2302
12157
23713
29593
28383
20362
7448
-7261
-20229
-28332
-29612
-23751
-12154
2383
16350
26366
30000
26363
16328
2324
-12250
-23850
-29649
-28225
-19918
-6745
8080
20936
28674
29392
22905
10797
-3968
-17763
-27195
-29936
-25302
-14427
13
14455
25330
29941
27139
17610
3708
-11120
-23190
-29498
-28466
-20342
-7143
7844
20877
28698
29342
22639
10261
-4696
-18480
-27627
-29830
-24528
-13045
1730
16075
26366
29998
26044
15496
1018
-13725
-24989
-29912
-27232
-17623
-3523
11481
23562
29633
28136
19444
5772
-9382
-22138
-29219
-28801
-20981
-7761
7461
20767
28723
29271
22259
9491
-5737
-19486
-28191
-29588
-23306
-10968
4227
18328
27661
29789
24147
12199
-2941
-17317
-27167
-29905
-24805
-13195
1884
16473
26736
29965
25302
13966
-1060
-15811
-26389
-29991
-25654
-14519
471
15342
26143
29999
25875
14861
-118
-15071
-26007
-30000
-25974
-14997
0
15003
25987
30000
25955
14929
-118
-15139
-26085
-29999
-25816
-14656
471
15476
26296
29991
25552
14174
-1060
-16011
-26610
-29965
-25153
-13477
1884
16735
27015
29905
24605
12557
-2941
-17636
-27491
-29789
-23888
-11405
4227
18698
28012
29588
22981
10011
-5737
-19901
-28548
-29271
-21860
-8367
7461
21216
29061
28801
20498
6464
-9382
-22609
-29507
-28136
-18869
-4302
11481
24040
29837
27232
16949
1880
-13725
-25457
-29994
-26044
-14716
789
16075
26803
29918
24528
12154
-3685
-18480
-28009
-29544
-22639
-9258
6777
20877
28999
28805
20342
6032
-10017
-23190
-29690
-27636
-17610
-2497
13342
25330
29993
25974
14427
-1309
-16670
-27195
-29818
-23769
-10797
5325
19901
28674
29076
20981
6745
-9469
-22916
-29649
-27685
-17591
-2324
13631
25581
30000
25577
13608
-2383
-17676
-27748
-29612
-22708
-9071
7261
21443
29261
28383
19060
4058
-12157
-24753
-29967
-26232
-14656
1309
16887
27412
29722
23115
9566
-6863
-21234
-29219
-28407
-19032
-3913
12393
24960
29986
25940
14038
-2122
-17644
-27817
-29544
-22292
-8257
8297
22329
29558
27771
17504
1884
-14318
-26143
-29965
-24605
-11695
4809
19842
28779
28866
20064
5077
-11481
-24501
-29960
-26160
-14269
2044
17729
27923
29459
21849
7448
-9274
-23115
-29764
-27139
-16050
52
16144
27195
29743
22981
9018
-7777
-22138
-29553
-27685
-17111
-1148
15181
26732
29856
23557
9817
-7032
-21662
-29439
-27893
-17504
-1557
14889
26610
29874
23632
9863
-7054
-21727
-29471
-27804
-17250
-1175
15283
26849
29813
23213
9158
-7844
-22329
-29635
-27401
-16336
0
16342
27412
29626
22259
7686
-9382
-23415
-29857
-26609
-14716
1965
18013
28201
29204
20686
5416
-11628
-24878
-29997
-25302
-12319
4706
20193
29057
28382
18377
2324
-14498
-26551
-29856
-23312
-9071
8172
22718
29754
26941
15201
-1583
-17847
-28191
-29170
-20450
-4922
12250
25346
29993
24633
11044
-6241
-21443
-29474
-27636
-16534
118
16735
27736
29418
21204
5850
-11481
-24946
-30000
-24928
-11432
5933
21296
29454
27636
16446
-327
-16995
-27893
-29311
-20755
-5129
12250
25457
29981
24269
10261
-7261
-22303
-29712
-26941
-14929
2210
18596
28596
28764
19032
2742
-14498
-26744
-29762
-22501
-7461
10165
24278
29986
25302
11839
-5737
-21326
-29507
-27426
-15798
1338
18013
28409
28891
19281
2927
-14455
-26783
-29733
-22259
-6975
10763
24726
30000
24722
10739
-7032
-22329
-29754
-26677
-14174
3344
19684
29061
28145
17250
232
-16873
-27990
-29159
-19954
-3643
13971
26610
29760
22286
6847
-11044
-24989
-29993
-24253
-9817
8146
23190
29908
25875
12533
-5325
-21271
-29553
-27177
-14989
2618
19284
28979
28186
17183
-52
-17274
-28231
-28936
-19123
-2351
15283
27354
29459
20819
4577
-13342
-26389
-29789
-22286
-6618
11481
25374
29958
23541
8470
-9721
-24340
-29999
-24605
-10134
8080
23316
29941
25495
11613
-6573
-22329
-29810
-26232
-12912
5209
21400
29633
26835
14038
-3997
-20546
-29429
-27321
-14997
2941
19783
29219
27705
15798
-2044
-19123
-29019
-28003
-16446
1309
18575
28841
28225
16949
-736
-18148
-28698
-28383
-17312
327
17847
28596
28482
17538
-82
-17676
-28541
-28528
-17631
0
17636
28536
28523
17591
-82
-17729
-28581
-28466
-17418
327
17952
28674
28356
17111
-736
-18304
-28810
-28186
-16664
1309
18780
28981
27950
16075
-2044
-19374
-29178
-27636
-15336
2941
20076
29387
27232
14441
-3997
-20877
-29593
-26724
-13383
5209
21763
29778
26096
12154
-6573
-22718
-29920
-25330
-10748
8080
23723
29994
24406
9158
-9721
-24753
-29976
-23306
-7381
11481
25784
29834
22010
5416
-13342
-26783
-29539
-20498
-3263
15283
27718
29057
18755
929
-17274
-28548
-28356
-16765
1573
19284
29232
27401
14519
-4227
-21271
-29724
-26160
-12010
7007
23190
29977
24605
9242
-9878
-24989
-29941
-22708
-6225
12800
26610
29566
20450
2976
-15720
-27990
-28805
-17821
471
18575
29061
27614
14818
-4075
-21296
-29754
-25955
-11453
7777
23803
30000