25999
26146
21392
12157
0
-12697
-23305
-29631
-30517
-26153
-18024
-8468
0
5416
6913
4911
909
-3051
-5083
-4068
0
6051
12322
16956
18600
16825
12195
6045
0
-4542
-6813
-6823
-5236
-3039
-1152
-121
0
-446
-951
-1107
-792
-191
326
426
0
-757
-1429
-1585
-1026
54
1079
1277
0
-2948
-7120
-11458
-14582
-15230
-12724
-7274
0
7355
12953
15456
14476
10725
5804
1673
0
1572
5997
11785
16799
18936
16784
10117
0
-11484
-21817
-28727
-30784
-27717
-20393
-10491
0
9277
16077
19798
20413
18256
13799
7538
0
-8144
-15965
-22265
-25737
-25276
-20392
-11499
0
11923
21816
27603
28196
23840
16074
7289
0
-3927
-3847
-502
4253
8108
9094
6260
0
-8087
-15741
-20799
-21912
-18958
-13039
-6046
0
3623
4329
2671
-64
-2400
-3250
-2288
0
2587
4380
4683
3489
1466
-344
-983
0
2340
5153
7301
7878
6627
4086
1427
0
767
3848
8366
12670
14880
13569
8327
0
-9497
-17759
-22661
-23056
-19158
-12478
-5317
0
1905
99
-4359
-9426
-12774
-12570
-8098
0
9921
19259
25729
27813
25139
18488
9469
0
-8212
-14036
-17032
-17320
-15323
-11513
-6287
0
6884
13630
19188
22343
22037
17783
9983
0
-10085
-18010
-22007
-21381
-16785
-10072
-3714
0
-232
-4258
-10476
-16346
-19247
-17401
-10525
0
11549
21095
26205
25840
20677
12834
5108
0
-1136
1494
6277
10854
13027
11585
6737
0
-6410
-10438
-10969
-8258
-3812
203
1810
0
-4859
-11148
-16599
-19165
-17804
-12908
-6178
0
3453
3057
-798
-6304
-10859
-11997
-8310
0
11111
22137
30052
32668
29328
21090
10340
0
-7405
-10501
-9395
-5499
-949
2181
2564
0
-4623
-9725
-13626
-15110
-13778
-10082
-5074
0
4101
6662
7637
7337
6188
4516
2453
0
-2807
-5734
-8288
-9807
-9703
-7732
-4206
0
3679
5696
5434
3111
-189
-2814
-3098
0
6400
14771
22831
28007
28276
22881
12685
0
-12079
-20624
-23802
-21459
-15158
-7637
-1860
0
-2698
-8852
-16025
-21320
-22421
-18427
-10186
0
9182
14805
15605
12045
6122
627
-1879
0
5972
14154
21737
25986
25208
19354
10046
0
-7916
-11670
-10743
-6271
-607
3526
3996
0
-7671
-16891
-24898
-29177
-28233
-22008
-11839
0
10981
19009
22904
22550
18743
12806
6165
0
-4927
-8275
-10004
-10233
-9127
-6875
-3718
0
3813
7170
9524
10456
9778
7568
4146
0
-4308
-8212
-11186
-12762
-12549
-10307
-6019
0
7042
14024
19631
22583
21958
17486
9722
0
-9826
-17814
-22416
-22884
-19464
-13325
-6222
0
3916
4908
3298
205
-2842
-4372
-3459
0
5257
10938
15466
17528
16466
12464
6489
0
-5474
-8771
-9422
-7746
-4724
-1675
161
0
-2241
-5926
-9884
-12762
-13431
-11303
-6534
0
6940
12793
16330
16896
14571
10129
4814
0
-3175
-4119
-2940
-402
2288
3830
3205
0
-5426
-11973
-18039
-21912
-22212
-18303
-10486
0
11241
21074
27593
29587
26792
19907
10375
0
-9467
-16664
-20802
-21664
-19473
-14713
-7992
0
8453
16375
22591
25882
25256
20285
11403
0
-11779
-21507
-27126
-27561
-23094
-15335
-6771
0
3102
1992
-2361
-7808
-11761
-12103
-7953
0
9708
18452
23772
24304
20233
13188
5636
0
-2190
-786
3001
7131
9549
8981
5401
0
-5315
-8694
-9087
-6666
-2753
707
1926
0
-4700
-10646
-15717
-18018
-16612
-11935
-5641
0
2958
2235
-1713
-7089
-11374
-12224
-8345
0
11001
21855
29647
32275
29094
21079
10463
0
-7891
-11815
-11699
-8656
-4487
-982
628
0
-2341
-5312
-7724
-8711
-7975
-5803
-2882
0
2215
3463
3776
3406
2664
1784
884
0
-835
-1525
-1909
-1845
-1331
-553
68
0
-1184
-3570
-6742
-9787
-11498
-10737
-6851
0
8739
17558
24365
27371
25636
19412
10122
0
-8551
-13655
-14525
-11675
-6727
-1905
741
0
-4093
-10266
-16430
-20375
-20507
-16394
-8918
0
8018
13133
14328
11875
7219
2460
-370
0
3651
9449
15426
19440
19884
16180
8992
0
-8631
-14914
-17612
-16563
-12650
-7464
-2776
0
203
-1933
-5402
-8771
-10604
-9868
-6200
0
7664
15298
21301
24304
23443
18583
10339
0
-10699
-19900
-25990
-27924
-25433
-19066
-10049
0
9412
16788
21208
22299
20171
15280
8290
0
-8674
-16676
-22837
-25996
-25240
-20203
-11337
0
11715
21431
27103
27633
23250
15515
6893
0
-3233
-2201
2166
7708
11788
12221
8068
0
-9895
-18820
-24230
-24714
-20474
-13223
-5553
0
1861
-63
-4413
-8953
-11454
-10557
-6284
0
6142
10060
10569
7854
3400
-593
-2082
0
5295
12120
18083
20985
19655
14434
7050
0
-4380
-4785
-1451
3912
8720
10445
7535
0
-10543
-21376
-29540
-32767
-30155
-22391
-11462
0
9518
15432
17234
15513
11591
6967
2875
0
-1558
-2113
-2119
-1943
-1729
-1423
-879
0
1169
2433
3507
4120
4089
3352
1953
0
-2349
-4876
-7260
-9042
-9640
-8509
-5282
0
6746
13814
19703
22910
22359
17763
9799
0
-9606
-17032
-20859
-20614
-16864
-11010
-4841
0
2477
2408
436
-2255
-4365
-4863
-3322
0
4287
8442
11416
12489
11433
8524
4425
0
-3904
-6627
-7816
-7466
-5900
-3686
-1505
0
390
-445
-2220
-4290
-5804
-5892
-3979
0
5497
11417
16360
18986
18407
14474
7876
0
-7431
-12823
-15151
-14248
-10834
-6291
-2231
0
-265
-2814
-6624
-10186
-11957
-10886
-6696
0
7863
15186
20349
22226
20434
15381
8109
0
-7547
-13387
-16793
-17496
-15631
-11639
-6170
0
6018
11026
14258
15182
13660
10015
5070
0
-3957
-5855
-5362
-2931
273
2693
2876
0
-5765
-13182
-20233
-24693
-24842
-20061
-11114
0
10611
18179
21091
19165
13696
7048
1826
0
2233
7655
14167
19175
20496
17139
9663
0
-9192
-15438
-17284
-14783
-9448
-3702
-7
0
-3909
-10479
-17406
-22130
-22717
-18482
-10236
0
9658
16442
19017
17364
12690
6962
2234
0
767
3979
8270
11928
13429
11860
7140
0
-8231
-15955
-21648
-24155
-22877
-17877
-9847
0
10114
18854
24767
26848
24737
18798
10058
0
-9724
-17605
-22530
-23920
-21754
-16481
-8891
0
9048
17047
22823
25367
24041
18788
10296
0
-10135
-18047
-22126
-21711
-17359
-10749
-4211
0
461
-2893
-8682
-14500
-17720
-16424
-10120
0
11396
20997
26233
25918
20656
12635
4841
0
-395
3404
9517
15159
17688
15599
9092
0
-8889
-14868
-16321
-13318
-7583
-1835
1239
0
-5508
-13552
-21328
-25970
-25585
-19933
-10504
0
8623
13166
12914
8826
3134
-1483
-2842
0
6451
14625
21990
26184
25717
20367
11161
0
-10898
-19562
-24664
-25676
-22812
-16836
-8830
0
8461
15458
20074
21672
20003
15292
8254
0
-8148
-14911
-19282
-20686
-19014
-14571
-7964
0
8377
16112
22078
25174
24522
19734
11156
0
-11771
-21822
-28030
-29105
-25036
-17184
-7937
0
4452
4498
791
-4665
-9213
-10488
-7281
0
9437
18263
23838
24583
20543
13350
5623
0
-1820
322
5039
9967
12701
11729
7015
0
-6969
-11564
-12400
-9576
-4650
-32
1956
0
-5661
-13285
-20245
-24000
-23036
-17441
-8879
0
6516
8918
6996
2141
-3184
-6331
-5420
0
8784
18576
26585
30449
28937
22245
11848
0
-10930
-19047
-23290
-23500
-20240
-14499
-7401
0
6806
12278
15830
17044
15743
12073
6546
0
-6531
-12017
-15632
-16882
-15642
-12106
-6698
0
7270
14244
19899
23137
22975
18834
10837
0
-11826
-22290
-29129
-30816
-27083
-19086
-9131
0
5904
7340
4633
-460
-5370
-7645
-5829
0
8250
16384
21839
22947
19535
12967
5621
0
-2193
-662
3425
7935
10629
10051
6087
0
-6087
-10051
-10629
-7935
-3425
662
2193
0
-5621
-12967
-19535
-22947
-21839
-16384
-8250
0
5829
7645
5370
460
-4633
-7340
-5904
0
9131
19086
27083
30816
29129
22290
11826
0
-10837
-18834
-22975
-23137
-19899
-14244
-7270
0
6698
12106
15642
16882
15632
12017
6531
0
-6546
-12073
-15743
-17044
-15830
-12278
-6806
0
7401
14499
20240
23500
23290
19047
10930
0
-11848
-22245
-28937
-30449
-26585
-18576
-8784
0
5420
6331
3184
-2141
-6996
-8918
-6516
0
8879
17441
23036
24000
20245
13285
5661
0
-1956
32
4650
9576
12400
11564
6969
0
-7015
-11729
-12701
-9967
-5039
-322
1820
0
-5623
-13350
-20543
-24583
-23838
-18263
-9437
0
7281
10488
9213
4665
-791
-4498
-4452
0
7937
17184
25036
29105
28030
21822
11771
0
-11156
-19734
-24522
-25174
-22078
-16112
-8377
0
7964
14571
19014
20686
19282
14911
8148
0
-8254
-15292
-20003
-21672
-20074
-15458
-8461
0
8830
16836
22812
25676
24664
19562
10898
0
-11161
-20367
-25717
-26184
-21990
-14625
-6451
0
2842
1483
-3134
-8826
-12914
-13166
-8623
0
10504
19933
25585
25970
21328
13552
5508
0
-1239
1835
7583
13318
16321
14868
8889
0
-9092
-15599
-17688
-15159
-9517
-3404
395
0
-4841
-12635
-20656
-25918
-26233
-20997
-11396
0
10120
16424
17720
14500
8682
2893
-461
0
4211
10749
17359
21711
22126
18047
10135
0
-10296
-18788
-24041
-25367
-22823
-17047
-9048
0
8891
16481
21754
23920
22530
17605
9724
0
-10058
-18798
-24737
-26848
-24767
-18854
-10114
0
9847
17877
22877
24155
21648
15955
8231
0
-7140
-11860
-13429
-11928
-8270
-3979
-767
0
-2234
-6962
-12690
-17364
-19017
-16442
-9658
0
10236
18482
22717
22130
17406
10479
3909
0
7
3702
9448
14783
17284
15438
9192
0
-9663
-17139
-20496
-19175
-14167
-7655
-2233
0
-1826
-7048
-13696
-19165
-21091
-18179
-10611
0
11114
20061
24842
24693
20233
13182
5765
0
-2876
-2693
-273
2931
5362
5855
3957
0
-5070
-10015
-13660
-15182
-14258
-11026
-6018
0
6170
11639
15631
17496
16793
13387
7547
0
-8109
-15381
-20434
-22226
-20349
-15186
-7863
0
6696
10886
11957
10186
6624
2814
265
0
2231
6291
10834
14248
15151
12823
7431
0
-7876
-14474
-18407
-18986
-16360
-11417
-5497
0
3979
5892
5804
4290
2220
445
-390
0
1505
3686
5900
7466
7816
6627
3904
0
-4425
-8524
-11433
-12489
-11416
-8442
-4287
0
3322
4863
4365
2255
-436
-2408
-2477
0
4841
11010
16864
20614
20859
17032
9606
0
-9799
-17763
-22359
-22910
-19703
-13814
-6746
0
5282
8509
9640
9042
7260
4876
2349
0
-1953
-3352
-4089
-4120
-3507
-2433
-1169
0
879
1423
1729
1943
2119
2113
1558
0
-2875
-6967
-11591
-15513
-17234
-15432
-9518
0
11462
22391
30155
32767
29540
21376
10543
0
-7535
-10445
-8720
-3912
1451
4785
4380
0
-7050
-14434
-19655
-20985
-18083
-12120
-5295
0
2082
593
-3400
-7854
-10569
-10060
-6142
0
6284
10557
11454
8953
4413
63
-1861
0
5553
13223
20474
24714
24230
18820
9895
0
-8068
-12221
-11788
-7708
-2166
2201
3233
0
-6893
-15515
-23250
-27633
-27103
-21431
-11715
0
11337
20203
25240
25996
22837
16676
8674
0
-8290
-15280
-20171
-22299
-21208
-16788
-9412
0
10049
19066
25433
27924
25990
19900
10699
0
-10339
-18583
-23443
-24304
-21301
-15298
-7664
0
6200
9868
10604
8771
5402
1933
-203
0
2776
7464
12650
16563
17612
14914
8631
0
-8992
-16180
-19884
-19440
-15426
-9449
-3651
0
370
-2460
-7219
-11875
-14328
-13133
-8018
0
8918
16394
20507
20375
16430
10266
4093
0
-741
1905
6727
11675
14525
13655
8551
0
-10122
-19412
-25636
-27371
-24365
-17558
-8739
0
6851
10737
11498
9787
6742
3570
1184
0
-68
553
1331
1845
1909
1525
835
0
-884
-1784
-2664
-3406
-3776
-3463
-2215
0
2882
5803
7975
8711
7724
5312
2341
0
-628
982
4487
8656
11699
11815
7891
0
-10463
-21079
-29094
-32275
-29647
-21855
-11001
0
8345
12224
11374
7089
1713
-2235
-2958
0
5641
11935
16612
18018
15717
10646
4700
0
-1926
-707
2753
6666
9087
8694
5315
0
-5401
-8981
-9549
-7131
-3001
786
2190
0
-5636
-13188
-20233
-24304
-23772
-18452
-9708
0
7953
12103
11761
7808
2361
-1992
-3102
0
6771
15335
23094
27561
27126
21507
11779
0
-11403
-20285
-25256
-25882
-22591
-16375
-8453
0
7992
14713
19473
21664
20802
16664
9467
0
-10375
-19907
-26792
-29587
-27593
-21074
-11241
0
10486
18303
22212
21912
18039
11973
5426
0
-3205
-3830
-2288
402
2940
4119
3175
0
-4814
-10129
-14571
-16896
-16330
-12793
-6940
0
6534
11303
13431
12762
9884
5926
2241
0
-161
1675
4724
7746
9422
8771
5474
0
-6489
-12464
-16466
-17528
-15466
-10938
-5257
0
3459
4372
2842
-205
-3298
-4908
-3916
0
6222
13325
19464
22884
22416
17814
9826
0
-9722
-17486
-21958
-22583
-19631
-14024
-7042
0
6019
10307
12549
12762
11186
8212
4308
0
-4146
-7568
-9778
-10456
-9524
-7170
-3813
0
3718
6875
9127
10233
10004
8275
4927
0
-6165
-12806
-18743
-22550
-22904
-19009
-10981
0
11839
22008
28233
29177
24898
16891
7671
0
-3996
-3526
607
6271
10743
11670
7916
0
-10046
-19354
-25208
-25986
-21737
-14154
-5972
0
1879
-627
-6122
-12045
-15605
-14805
-9182
0
10186
18427
22421
21320
16025
8852
2698
0
1860
7637
15158
21459
23802
20624
12079
0
-12685
-22881
-28276
-28007
-22831
-14771
-6400
0
3098
2814
189
-3111
-5434
-5696
-3679
0
4206
7732
9703
9807
8288
5734
2807
0
-2453
-4516
-6188
-7337
-7637
-6662
-4101
0
5074
10082
13778
15110
13626
9725
4623
0
-2564
-2181
949
5499
9395
10501
7405
0
-10340
-21090
-29328
-32668
-30052
-22137
-11111
0
8310
11997
10859
6304
798
-3057
-3453
0
6178
12908
17804
19165
16599
11148
4859
0
-1810
-203
3812
8258
10969
10438
6410
0
-6737
-11585
-13027
-10854
-6277
-1494
1136
0
-5108
-12834
-20677
-25840
-26205
-21095
-11549
0
10525
17401
19247
16346
10476
4258
232
0
3714
10072
16785
21381
22007
18010
10085
0
-9983
-17783
-22037
-22343
-19188
-13630
-6884
0
6287
11513
15323
17320
17032
14036
8212
0
-9469
-18488
-25139
-27813
-25729
-19259
-9921
0
8098
12570
12774
9426
4359
-99
-1905
0
5317
12478
19158
23056
22661
17759
9497
0
-8327
-13569
-14880
-12670
-8366
-3848
-767
0
-1427
-4086
-6627
-7878
-7301
-5153
-2340
0
983
344
-1466
-3489
-4683
-4380
-2587
0
2288
3250
2400
64
-2671
-4329
-3623
0
6046
13039
18958
21912
20799
15741
8087
0
-6260
-9094
-8108
-4253
502
3847
3927
0
-7289
-16074
-23840
-28196
-27603
-21816
-11923
0
11499
20392
25276
25737
22265
15965
8144
0
-7538
-13799
-18256
-20413
-19798
-16077
-9277
0
10491
20393
27717
30784
28727
21817
11484
0
-10117
-16784
-18936
-16799
-11785
-5997
-1572
0
-1673
-5804
-10725
-14476
-15456
-12953
-7355
0
7274
12724
15230
14582
11458
7120
2948
0
-1277
-1079
-54
1026
1585
1429
757
0
-426
-326
191
792
1107
951
446
0
121
1152
3039
5236
6823
6813
4542
0
-6045
-12195
-16825
-18600
-16956
-12322
-6051
0
4068
5083
3051
-909
-4911
-6913
-5416
0
8468
18024
26153
30517
29631
23305
12697
0
-12157
-21392
-26146
-25999
-21653
-14648
-6860
0
4773
7033
7046
5551
3459
1569
372